1800965127
357190571
735485226
2084301633
1965960231
146485102
1845322466
501689127
1520082171
302504383
739293605
617899089
573739757
1805192158
1335093402
1254000654
1180398616
1450117250
1426681632
151858604
89690626
34103056
169131296
899380631
1077912614
1631124320
1296464921
1984058957
113327681
1151785917
1041117849
1914292808
1508976488
1776603075
1851110793
1327453071
1923088178
1548949611
1829142199
1295686701
1851453994
420952156
1913585791
277710104
78660667
1101195545
1531710758
1259059283
403829147
810908743
1410917887
493519773
845011799
1580049183
1392900404
1922924413
1063689855
541881677
1759499722
1177017537
1693667594
653133923
943826697
1055160435
282253351
647453843
235129858
57857881
48919806
2064272057
1353544582
1900373801
337740566
1119646725
30600257
416401233
73358622
1562311015
1675460516
477187769
225736110
938894755
970707542
1070747909
371460291
216124298
846188675
1435150146
758005976
458204749
464684035
304189922
1111338673
1408510733
1359350357
1393592024
2055964576
1594480216
1451449905
2104884382
